# 100/100 iterations complete ✅ (96091.70s)
# Results saved to runs\obb\tune21
# Best fitness=0.56598 observed at iteration 79
# Best fitness metrics are {'metrics/precision(B)': 0.79918, 'metrics/recall(B)': 0.66935, 'metrics/mAP50(B)': 0.74433, 'metrics/mAP50-95(B)': 0.54616, 'val/box_loss': 0.41314, 'val/cls_loss': 0.85618, 'val/dfl_loss': 1.44578, 'fitness': 0.56598}
# Best fitness model is runs\obb\tunning_1024_label81
# Best fitness hyperparameters are printed below.

lr0: 0.00025
lrf: 0.01175
momentum: 0.72008
weight_decay: 0.00055
warmup_epochs: 3.34191
warmup_momentum: 0.69979
box: 2.7188
cls: 0.37289
dfl: 1.71603
hsv_h: 0.01602
hsv_s: 0.89064
hsv_v: 0.3982
degrees: 0.0
translate: 0.05296
scale: 0.63877
shear: 0.0
perspective: 0.0
flipud: 0.68299
fliplr: 0.21549
bgr: 0.0
mosaic: 0.72169
mixup: 0.0
copy_paste: 0.0
